G = [117416.66666666667, 166958.3333333333, 222700.0, 284641.6666666666, 352783.3333333334]
F = [-2.518771004931555, 0.22782176836161352, -1.212310663194183, -4.826187051687763, -2.8399592460458676]
Y = []
